3294.00     6224.00     106.00      150.00      884.00      2429.00     137.00      665.00      43.00       13932.00    
761.00      3.00        2.00        6.00        66.00       0.00        0.00        0.00        24.00       862.00      
444.00      1.00        0.00        48.00       190.00      89.00       1.00        1.00        1563.00     2337.00     
60.00       8.00        1.00        10.00       250.00      206.00      6.00        64.00       488.00      1093.00     
268.00      0.00        0.00        1.00        89.00       0.00        0.00        2.00        6.00        366.00      
63.00       5.00        5.00        56.00       20.00       78.00       1.00        3.00        234.00      465.00      
88.00       153.00      7.00        47.00       226.00      561.00      18.00       225.00      774.00      2099.00     
69.00       70.00       1.00        3.00        177.00      2215.00     5.00        3.00        566.00      3109.00     
29.00       15.00       0.00        1.00        40.00       88.00       0.00        1.00        752.00      926.00      
31.00       0.00        0.00        3.00        2.00        0.00        0.00        0.00        72.00       108.00      
5107.00     6479.00     122.00      325.00      1944.00     5666.00     168.00      964.00      4522.00     25297.00    
