4407.00     6426.00     134.00      235.00      886.00      2581.00     136.00      587.00      58.00       15450.00    
769.00      3.00        2.00        6.00        64.00       0.00        0.00        0.00        29.00       873.00      
459.00      2.00        0.00        49.00       191.00      90.00       1.00        4.00        1753.00     2549.00     
61.00       12.00       0.00        11.00       250.00      198.00      6.00        63.00       556.00      1157.00     
272.00      0.00        0.00        1.00        91.00       0.00        0.00        2.00        11.00       377.00      
65.00       4.00        5.00        52.00       21.00       58.00       1.00        3.00        261.00      470.00      
86.00       154.00      9.00        47.00       230.00      851.00      22.00       221.00      1049.00     2669.00     
69.00       65.00       1.00        2.00        176.00      2323.00     5.00        0.00        787.00      3428.00     
29.00       10.00       0.00        1.00        44.00       96.00       0.00        1.00        928.00      1109.00     
40.00       0.00        0.00        5.00        4.00        0.00        0.00        0.00        87.00       136.00      
6257.00     6676.00     151.00      409.00      1957.00     6197.00     171.00      881.00      5519.00     28218.00    
