2327.00     5904.00     55.00       121.00      825.00      2451.00     23.00       496.00      28.00       12230.00    
712.00      3.00        1.00        3.00        67.00       0.00        0.00        0.00        26.00       812.00      
401.00      1.00        0.00        39.00       181.00      35.00       0.00        0.00        843.00      1500.00     
61.00       10.00       0.00        10.00       220.00      211.00      3.00        49.00       308.00      872.00      
230.00      0.00        0.00        1.00        70.00       0.00        0.00        2.00        0.00        303.00      
52.00       7.00        1.00        54.00       16.00       5.00        0.00        2.00        36.00       173.00      
90.00       127.00      3.00        47.00       207.00      584.00      6.00        223.00      305.00      1592.00     
66.00       81.00       1.00        2.00        158.00      10.00       0.00        5.00        183.00      506.00      
24.00       19.00       0.00        1.00        43.00       48.00       0.00        0.00        299.00      434.00      
30.00       0.00        0.00        3.00        4.00        0.00        0.00        0.00        26.00       63.00       
3993.00     6152.00     61.00       281.00      1791.00     3344.00     32.00       777.00      2054.00     18485.00    
