2673.00     6236.00     72.00       131.00      833.00      2481.00     136.00      520.00      12.00       13094.00    
733.00      3.00        1.00        2.00        66.00       0.00        0.00        0.00        24.00       829.00      
418.00      1.00        0.00        44.00       183.00      35.00       0.00        0.00        993.00      1674.00     
57.00       10.00       0.00        10.00       226.00      224.00      4.00        54.00       365.00      950.00      
236.00      0.00        0.00        1.00        73.00       0.00        0.00        2.00        0.00        312.00      
54.00       6.00        4.00        52.00       17.00       4.00        1.00        2.00        63.00       203.00      
89.00       121.00      6.00        45.00       210.00      576.00      8.00        225.00      389.00      1669.00     
67.00       77.00       0.00        3.00        165.00      10.00       2.00        3.00        236.00      563.00      
28.00       20.00       0.00        1.00        48.00       59.00       0.00        0.00        368.00      524.00      
33.00       0.00        0.00        3.00        2.00        0.00        0.00        0.00        38.00       76.00       
4388.00     6474.00     83.00       292.00      1823.00     3389.00     151.00      806.00      2488.00     19894.00    
