2942.00     6241.00     94.00       143.00      855.00      2440.00     139.00      626.00      16.00       13496.00    
742.00      3.00        1.00        4.00        65.00       0.00        0.00        0.00        69.00       884.00      
433.00      1.00        0.00        44.00       187.00      90.00       2.00        0.00        1370.00     2127.00     
54.00       10.00       0.00        10.00       231.00      215.00      7.00        56.00       427.00      1010.00     
258.00      0.00        0.00        1.00        84.00       0.00        0.00        2.00        5.00        350.00      
58.00       5.00        4.00        54.00       18.00       13.00       1.00        3.00        95.00       251.00      
91.00       119.00      6.00        48.00       227.00      580.00      14.00       222.00      802.00      2109.00     
70.00       78.00       0.00        3.00        170.00      381.00      4.00        3.00        460.00      1169.00     
28.00       16.00       0.00        1.00        46.00       63.00       0.00        1.00        532.00      687.00      
30.00       0.00        0.00        3.00        1.00        0.00        0.00        0.00        60.00       94.00       
4706.00     6473.00     105.00      311.00      1884.00     3782.00     167.00      913.00      3836.00     22177.00    
