5963.00     7363.00     107.00      248.00      913.00      2574.00     134.00      625.00      58.00       17985.00    
768.00      3.00        2.00        7.00        64.00       0.00        0.00        0.00        28.00       872.00      
481.00      2.00        0.00        49.00       191.00      87.00       1.00        4.00        1430.00     2245.00     
67.00       19.00       1.00        12.00       249.00      211.00      11.00       59.00       541.00      1170.00     
275.00      0.00        0.00        1.00        92.00       0.00        0.00        2.00        11.00       381.00      
66.00       1.00        5.00        55.00       20.00       45.00       1.00        3.00        264.00      460.00      
87.00       152.00      5.00        51.00       234.00      788.00      20.00       226.00      931.00      2494.00     
66.00       74.00       1.00        2.00        175.00      2186.00     5.00        0.00        779.00      3288.00     
36.00       15.00       0.00        1.00        49.00       112.00      0.00        0.00        804.00      1017.00     
40.00       0.00        0.00        5.00        3.00        0.00        0.00        0.00        65.00       113.00      
7849.00     7629.00     121.00      431.00      1990.00     6003.00     172.00      919.00      4911.00     30025.00    
