7889.00     6772.00     114.00      232.00      948.00      2782.00     22.00       609.00      326.00      19694.00    
786.00      3.00        3.00        7.00        66.00       0.00        0.00        0.00        28.00       893.00      
496.00      1.00        1.00        49.00       191.00      90.00       3.00        3.00        1689.00     2523.00     
54.00       26.00       1.00        11.00       239.00      206.00      13.00       54.00       639.00      1243.00     
278.00      0.00        0.00        1.00        95.00       0.00        0.00        2.00        29.00       405.00      
72.00       0.00        5.00        52.00       22.00       38.00       1.00        3.00        318.00      511.00      
85.00       145.00      6.00        49.00       237.00      713.00      19.00       219.00      988.00      2461.00     
67.00       70.00       1.00        2.00        176.00      2167.00     4.00        0.00        1057.00     3544.00     
37.00       16.00       0.00        1.00        52.00       111.00      0.00        0.00        927.00      1144.00     
42.00       0.00        0.00        5.00        6.00        0.00        0.00        0.00        69.00       122.00      
9806.00     7033.00     131.00      409.00      2032.00     6107.00     62.00       890.00      6070.00     32540.00    
